one_mutex: 01.8980121 | 02.1181714 | 01.9861317
account_mutex: 01.8701866 | 02.0177069 | 02.1772305
